2003 1 1 -15.5 -11.6 -10.0 -1 -1 3.1 
2003 1 2 -16.1 -11.6 -7.7 -1 0 3.5 
2003 1 3 -15.5 -5.5 -2.7 -1 0 3.5 
2003 1 4 -6.6 -3.3 -1.6 -1 0 4.9 
2003 1 5 -7.7 -5.0 -0.5 -1 0 7.1 
2003 1 6 -17.7 -11.6 -2.2 -1 0 6.7 
2003 1 7 -17.7 -13.3 -9.4 -1 -1 4.0 
2003 1 8 -17.2 -13.3 -7.7 -1 0 4.0 
2003 1 9 -8.3 -5.0 -2.2 -1 0 3.5 
2003 1 10 -7.7 -1.1 0.0 -1 0 3.5 
2003 1 11 -3.8 -1.6 0.5 -1 0 3.5 
2003 1 12 -5.5 -2.7 0.5 -1 0 3.5 
2003 1 13 -8.3 -3.3 5.0 -1 0 4.9 
2003 1 14 -10.0 -7.7 -5.0 -1 0 2.2 
2003 1 15 -11.6 -8.3 -6.1 -1 0 3.5 
2003 1 16 -11.6 -5.0 -2.7 -1 0 3.5 
2003 1 17 -3.8 -2.7 -1.1 -1 0 4.0 
2003 1 18 -5.5 -0.5 1.1 -1 0 3.1 
2003 1 19 -4.4 -2.2 1.1 -1 0 5.3 
2003 1 20 -2.2 -1.1 0.5 -1 0 3.5 
2003 1 21 -3.8 -1.6 1.1 -1 0 2.2 
2003 1 22 -8.3 -3.8 0.5 -1 0 3.5 
2003 1 23 -11.6 -6.1 -1.6 -1 0 3.5 
2003 1 24 -11.6 -7.2 -3.3 -1 0 3.5 
2003 1 25 -10.0 -7.2 -5.5 -1 0 4.9 
2003 1 26 -10.0 -5.5 -3.3 -1 0 5.8 
2003 1 27 -8.8 -5.0 -2.7 -1 0 3.1 
2003 1 28 -7.7 -2.7 -0.5 -1 0 3.5 
2003 1 29 -4.4 -1.6 0.0 -1 0 4.9 
2003 1 30 -4.4 -0.5 1.1 -1 0 3.1 
2003 1 31 -2.7 -0.5 1.1 -1 0 3.5 
2003 2 1 -3.8 -2.2 0.0 -1 0 3.5 
2003 2 2 -5.0 -2.7 -1.1 -1 0 3.1 
2003 2 3 -7.2 -2.2 6.1 -1 0 8.0 
2003 2 4 -3.8 3.3 6.1 -1 0 9.3 
2003 2 5 0.5 3.8 6.1 -1 0 12.9 
2003 2 6 2.2 5.0 6.6 -1 0 8.4 
2003 2 7 0.5 2.2 6.6 -1 0 5.8 
2003 2 8 0.5 2.7 7.2 -1 0 6.7 
2003 2 9 0.5 1.6 7.2 -1 3 4.0 
2003 2 10 1.1 2.7 6.1 -1 3 9.3 
2003 2 11 0.5 1.6 5.5 -1 5 3.1 
2003 2 12 0.0 1.1 5.0 -1 5 3.1 
2003 2 13 1.6 2.7 3.8 -1 5 5.8 
2003 2 14 -1.1 0.5 3.8 -1 0 2.6 
2003 2 15 -6.1 -2.7 0.5 -1 0 2.6 
2003 2 16 -8.8 -6.1 -2.2 -1 0 3.1 
2003 2 17 -10.0 -7.7 -3.8 -1 0 3.5 
2003 2 18 -7.2 -6.1 -3.3 -1 -1 3.5 
2003 2 19 -7.2 -5.0 -3.3 -1 0 4.0 
2003 2 20 -11.1 -7.7 -3.3 -1 0 3.5 
2003 2 21 -7.7 -6.6 -3.8 -1 0 3.5 
2003 2 22 -5.0 -3.8 -1.1 -1 0 4.0 
2003 2 23 -5.0 -1.1 1.1 -1 0 3.5 
2003 2 24 -1.6 1.6 4.4 -1 0 7.1 
2003 2 25 -0.5 1.6 4.4 -1 0 7.1 
2003 2 26 0.0 1.6 4.4 -1 3 4.0 
2003 2 27 0.0 2.7 5.5 -1 0 6.7 
2003 2 28 0.5 2.2 5.5 -1 0 4.9 
2003 3 1 -1.1 1.1 3.8 -1 0 4.0 
2003 3 2 -1.6 2.7 6.1 -1 3 9.3 
2003 3 3 0.5 5.5 7.7 -1 3 9.3 
2003 3 4 -3.3 1.1 7.7 -1 0 5.8 
2003 3 5 -2.7 0.0 4.4 -1 0 8.0 
2003 3 6 -5.0 -1.1 4.4 -1 0 11.6 
2003 3 7 -8.3 -2.2 2.7 -1 0 9.8 
2003 3 8 -8.3 -1.6 2.2 -1 0 5.8 
2003 3 9 -11.1 -5.0 1.1 -1 0 9.8 
2003 3 10 -10.5 -4.4 1.6 -1 0 12.9 
2003 3 11 -12.2 -7.2 -1.6 -1 0 6.2 
2003 3 12 -12.2 -6.6 -1.6 -1 0 16.0 
2003 3 13 -17.2 -14.4 -8.8 -1 0 18.7 
2003 3 14 -17.7 -15.0 -11.1 -1 0 12.0 
2003 3 15 -11.6 -7.2 2.2 -1 0 6.7 
2003 3 16 -1.1 1.6 6.1 -1 0 6.7 
2003 3 17 -5.0 0.5 7.2 -1 0 3.5 
2003 3 18 -7.7 -0.5 6.6 -1 0 2.6 
2003 3 19 -7.7 0.0 4.4 -1 0 6.7 
2003 3 20 -4.4 -2.7 2.7 -1 0 4.0 
2003 3 21 -7.2 -6.1 -1.6 -1 -1 4.9 
2003 3 22 -10.0 -7.2 -2.7 -1 0 3.5 
2003 3 23 -11.1 -6.6 -1.1 -1 0 3.1 
2003 3 24 -8.8 -5.0 1.1 -1 0 3.5 
2003 3 25 -10.0 -1.1 5.0 -1 0 4.9 
2003 3 26 -2.7 0.5 6.1 -1 0 3.1 
2003 3 27 -3.8 0.0 5.0 -1 0 3.1 
2003 3 28 -6.1 -3.3 1.1 -1 0 3.5 
2003 3 29 -5.5 -2.2 2.2 -1 0 2.6 
2003 3 30 -6.1 -1.6 1.6 -1 0 5.8 
2003 3 31 -7.2 -2.7 1.1 -1 0 7.1 
2003 4 1 -8.8 -4.4 1.1 -1 0 6.2 
2003 4 2 -8.8 -4.4 -0.5 -1 0 3.5 
2003 4 3 -6.1 -2.7 1.6 -1 0 3.1 
2003 4 4 -7.2 -2.2 2.7 -1 0 3.1 
2003 4 5 -7.7 -2.2 3.3 -1 0 3.1 
2003 4 6 -8.3 -1.6 3.3 -1 0 5.3 
2003 4 7 -6.1 -0.5 5.0 -1 0 7.1 
2003 4 8 -3.8 0.5 6.6 -1 0 6.2 
2003 4 9 -3.8 2.2 8.3 -1 0 3.5 
2003 4 10 -2.7 2.2 6.1 -1 0 3.5 
2003 4 11 -2.2 5.5 11.6 -1 0 3.5 
2003 4 12 1.1 6.1 12.7 -1 0 5.3 
2003 4 13 1.1 6.1 8.3 -1 3 5.3 
2003 4 14 1.1 4.4 7.2 -1 3 5.8 
2003 4 15 -2.2 2.2 7.2 -1 0 6.7 
2003 4 16 -1.6 2.2 5.5 -1 3 6.7 
2003 4 17 -1.1 2.7 10.0 -1 0 4.0 
2003 4 18 -1.6 3.8 10.5 -1 0 5.8 
2003 4 19 -2.7 4.4 10.5 -1 0 3.5 
2003 4 20 -2.7 6.6 10.0 -1 0 8.0 
2003 4 21 3.3 6.1 9.4 -1 0 6.7 
2003 4 22 2.2 4.4 8.3 -1 0 3.5 
2003 4 23 1.1 6.6 12.2 -1 0 3.1 
2003 4 24 0.5 7.7 13.3 -1 0 3.5 
2003 4 25 2.2 7.7 13.3 -1 0 3.5 
2003 4 26 1.6 8.8 13.8 -1 0 3.5 
2003 4 27 1.6 8.8 15.0 -1 0 3.1 
2003 4 28 1.6 8.3 15.0 -1 0 3.5 
2003 4 29 2.2 9.4 14.4 -1 0 4.0 
2003 4 30 1.6 8.8 14.4 -1 0 3.5 
2003 5 1 1.6 9.4 15.0 -1 0 4.0 
2003 5 2 2.2 8.3 16.1 -1 0 4.0 
2003 5 3 0.5 10.0 15.5 -1 0 5.3 
2003 5 4 2.2 10.5 14.4 -1 0 7.1 
2003 5 5 2.7 7.2 11.1 -1 3 8.0 
2003 5 6 0.5 4.4 10.0 -1 0 5.3 
2003 5 7 0.5 6.6 11.1 -1 0 3.1 
2003 5 8 3.8 8.3 13.8 -1 0 3.5 
2003 5 9 4.4 8.8 16.1 -1 3 8.9 
2003 5 10 4.4 7.2 11.1 -1 0 8.0 
2003 5 11 2.7 5.5 7.7 -1 10 4.9 
2003 5 12 3.3 6.6 8.8 -1 0 4.0 
2003 5 13 2.7 5.5 10.5 -1 0 3.5 
2003 5 14 0.5 5.5 11.1 -1 0 5.8 
2003 5 15 0.5 8.3 13.8 -1 0 4.9 
2003 5 16 2.7 8.3 13.3 -1 0 4.0 
2003 5 17 3.3 8.8 12.2 -1 0 6.2 
2003 5 18 6.1 9.4 13.3 -1 0 6.2 
2003 5 19 1.6 8.3 13.3 -1 0 6.7 
2003 5 20 1.6 8.8 15.0 -1 0 3.5 
2003 5 21 2.7 9.4 16.6 -1 0 3.5 
2003 5 22 2.2 12.2 17.7 -1 0 6.7 
2003 5 23 3.3 11.6 17.7 -1 0 6.7 
2003 5 24 6.1 11.6 17.2 -1 0 4.0 
2003 5 25 6.1 12.2 16.6 -1 3 5.3 
2003 5 26 6.6 12.2 16.6 -1 0 7.1 
2003 5 27 6.6 12.2 15.5 -1 0 8.0 
2003 5 28 3.8 10.0 16.1 -1 0 6.7 
2003 5 29 3.8 13.8 20.5 -1 0 6.7 
2003 5 30 6.1 13.3 20.5 -1 0 7.1 
2003 5 31 8.8 12.2 16.1 -1 0 6.7 
2003 6 1 7.2 10.5 15.0 -1 0 9.8 
2003 6 2 7.2 11.1 15.0 -1 0 8.9 
2003 6 3 5.5 10.5 15.0 -1 0 4.9 
2003 6 4 5.5 13.3 18.3 -1 0 7.1 
2003 6 5 5.5 11.1 18.3 -1 0 9.3 
2003 6 6 8.3 11.6 15.5 -1 0 8.9 
2003 6 7 7.2 10.0 15.5 -1 0 6.7 
2003 6 8 6.1 10.5 14.4 -1 0 3.5 
2003 6 9 6.1 11.6 17.7 -1 0 3.5 
2003 6 10 11.1 14.4 18.3 -1 0 3.5 
2003 6 11 10.5 13.8 20.5 -1 3 4.9 
2003 6 12 10.5 14.4 21.1 -1 0 7.1 
2003 6 13 12.2 16.6 24.4 -1 0 4.9 
2003 6 14 10.5 16.6 23.8 -1 0 6.7 
2003 6 15 8.8 12.2 16.1 -1 8 7.1 
2003 6 16 9.4 13.8 18.8 -1 8 6.7 
2003 6 17 7.2 14.4 19.4 -1 0 5.8 
2003 6 18 7.2 14.4 20.5 -1 0 5.8 
2003 6 19 11.1 13.3 18.3 -1 0 3.5 
2003 6 20 10.0 12.7 16.1 -1 0 4.9 
2003 6 21 10.5 12.7 16.1 -1 0 4.0 
2003 6 22 10.0 13.3 17.2 -1 0 3.5 
2003 6 23 10.5 13.8 18.8 -1 0 6.7 
2003 6 24 9.4 13.3 18.8 -1 0 8.4 
2003 6 25 9.4 12.7 16.6 -1 0 8.0 
2003 6 26 9.4 11.6 14.4 -1 0 7.1 
2003 6 27 9.4 12.2 17.2 -1 0 5.8 
2003 6 28 8.8 13.3 18.3 -1 0 5.8 
2003 6 29 8.8 15.0 21.1 -1 0 3.5 
2003 6 30 9.4 15.5 21.1 -1 0 3.5 
2003 7 1 9.4 15.5 21.1 -1 0 4.0 
2003 7 2 10.5 13.3 17.7 -1 8 8.9 
2003 7 3 11.1 14.4 18.3 -1 8 6.7 
2003 7 4 8.8 15.0 21.6 -1 0 3.5 
2003 7 5 15.5 18.3 21.6 -1 0 8.0 
2003 7 6 12.7 16.1 21.1 -1 0 6.7 
2003 7 7 11.1 16.6 24.4 -1 0 3.1 
2003 7 8 11.1 20.5 28.3 -1 0 3.5 
2003 7 9 15.0 22.2 28.8 -1 0 5.3 
2003 7 10 12.7 15.5 18.8 -1 0 4.0 
2003 7 11 13.3 16.1 22.2 -1 0 6.7 
2003 7 12 12.2 17.2 23.3 -1 0 5.8 
2003 7 13 12.2 18.8 24.4 -1 0 5.8 
2003 7 14 12.2 21.1 26.6 -1 0 4.0 
2003 7 15 14.4 20.5 26.6 -1 0 6.7 
2003 7 16 15.0 18.8 24.4 -1 0 8.4 
2003 7 17 13.8 16.1 18.8 -1 0 7.1 
2003 7 18 9.4 15.5 21.6 -1 0 7.1 
2003 7 19 12.2 17.7 23.3 -1 0 5.3 
2003 7 20 11.6 18.8 23.3 -1 0 4.0 
2003 7 21 14.4 18.3 23.3 -1 0 5.3 
2003 7 22 13.8 15.0 19.4 -1 0 4.9 
2003 7 23 12.7 16.6 22.7 -1 0 8.0 
2003 7 24 12.2 16.1 23.3 -1 3 8.4 
2003 7 25 12.2 14.4 17.2 -1 5 4.9 
2003 7 26 12.2 15.0 17.2 -1 0 7.1 
2003 7 27 13.8 15.5 17.7 -1 0 8.9 
2003 7 28 12.7 15.0 16.6 -1 3 8.4 
2003 7 29 12.2 13.8 17.2 -1 8 4.9 
2003 7 30 12.2 14.4 18.3 -1 3 6.2 
2003 7 31 12.7 15.5 20.0 -1 0 5.3 
2003 8 1 11.6 15.5 20.5 -1 0 4.0 
2003 8 2 8.8 14.4 20.0 -1 0 3.5 
2003 8 3 8.8 14.4 19.4 -1 0 4.0 
2003 8 4 7.7 13.8 18.8 -1 0 4.0 
2003 8 5 7.7 15.5 21.1 -1 0 3.1 
2003 8 6 8.8 16.1 21.1 -1 0 3.5 
2003 8 7 10.0 16.6 23.3 -1 0 3.1 
2003 8 8 10.5 17.7 23.8 -1 0 3.5 
2003 8 9 12.2 20.0 26.1 -1 0 3.5 
2003 8 10 13.8 19.4 26.6 -1 0 4.9 
2003 8 11 13.3 18.3 23.3 -1 0 6.7 
2003 8 12 13.8 16.1 19.4 -1 8 8.4 
2003 8 13 13.8 16.1 17.7 -1 0 9.3 
2003 8 14 12.2 14.4 17.7 -1 3 9.3 
2003 8 15 12.2 13.8 16.1 -1 8 3.5 
2003 8 16 12.7 13.8 16.6 -1 15 6.7 
2003 8 17 10.5 12.2 15.0 -1 13 5.3 
2003 8 18 7.7 12.7 16.6 -1 0 3.1 
2003 8 19 8.3 12.2 17.2 -1 0 4.0 
2003 8 20 8.8 11.6 14.4 -1 0 6.7 
2003 8 21 9.4 11.6 15.5 -1 3 7.1 
2003 8 22 7.2 12.2 17.2 -1 0 3.5 
2003 8 23 7.2 13.3 18.8 -1 0 3.5 
2003 8 24 8.8 14.4 18.8 -1 0 6.2 
2003 8 25 10.5 13.8 18.3 -1 3 7.1 
2003 8 26 10.0 12.2 14.4 -1 5 6.7 
2003 8 27 10.0 12.7 16.1 -1 8 6.7 
2003 8 28 10.0 12.2 16.1 -1 3 2.6 
2003 8 29 10.0 12.2 17.2 -1 3 4.0 
2003 8 30 10.0 12.2 15.0 -1 3 4.9 
2003 8 31 10.0 12.7 16.1 -1 0 3.5 
2003 9 1 10.5 12.7 17.2 -1 0 5.8 
2003 9 2 8.3 12.7 18.3 -1 0 3.1 
2003 9 3 8.3 13.8 19.4 -1 0 4.9 
2003 9 4 10.5 12.7 16.1 -1 0 5.3 
2003 9 5 8.8 11.6 16.1 -1 0 4.0 
2003 9 6 6.1 11.1 16.1 -1 0 3.1 
2003 9 7 6.1 11.6 16.1 -1 0 2.6 
2003 9 8 6.6 12.7 17.7 -1 0 3.5 
2003 9 9 7.7 12.7 17.7 -1 3 6.7 
2003 9 10 7.2 11.1 16.1 -1 0 2.6 
2003 9 11 5.0 11.6 17.2 -1 0 4.0 
2003 9 12 5.0 13.3 17.7 -1 0 6.2 
2003 9 13 6.6 11.1 16.6 -1 0 4.9 
2003 9 14 2.7 8.3 15.0 -1 0 6.7 
2003 9 15 2.7 7.2 12.7 -1 0 6.7 
2003 9 16 0.0 6.1 12.7 -1 0 3.5 
2003 9 17 -1.1 5.5 12.7 -1 0 4.0 
2003 9 18 -0.5 7.2 13.8 -1 0 6.7 
2003 9 19 -2.2 5.0 11.6 -1 0 3.5 
2003 9 20 -2.2 5.5 11.6 -1 3 6.7 
2003 9 21 2.2 4.4 9.4 -1 5 4.0 
2003 9 22 0.5 6.1 10.0 -1 0 3.5 
2003 9 23 -1.1 3.8 10.0 -1 0 6.7 
2003 9 24 -0.5 7.2 11.1 -1 0 9.3 
2003 9 25 3.8 5.5 7.7 -1 5 4.0 
2003 9 26 4.4 8.8 13.3 -1 8 5.8 
2003 9 27 3.8 8.8 14.4 -1 0 5.8 
2003 9 28 3.8 8.3 15.0 -1 13 3.5 
2003 9 29 5.0 10.0 13.8 -1 8 6.7 
2003 9 30 8.3 11.6 15.0 -1 8 4.9 
2003 10 1 10.5 14.4 16.6 -1 10 10.2 
2003 10 2 10.0 12.7 16.6 -1 0 9.8 
2003 10 3 7.7 9.4 12.2 -1 13 8.9 
2003 10 4 7.2 10.0 12.2 -1 0 6.2 
2003 10 5 6.1 8.3 11.6 -1 0 3.5 
2003 10 6 6.1 8.8 11.1 -1 0 3.1 
2003 10 7 6.1 8.3 9.4 -1 0 2.6 
2003 10 8 1.6 6.6 10.0 -1 0 7.1 
2003 10 9 1.6 7.2 10.0 -1 0 4.9 
2003 10 10 0.5 4.4 10.0 -1 0 3.5 
2003 10 11 0.5 4.4 10.0 -1 0 6.2 
2003 10 12 -2.2 2.7 7.2 -1 0 2.6 
2003 10 13 -2.2 2.2 6.1 -1 0 2.6 
2003 10 14 -1.1 3.3 6.1 -1 0 3.5 
2003 10 15 0.0 3.8 8.8 -1 0 3.1 
2003 10 16 -2.2 3.8 8.8 -1 0 4.9 
2003 10 17 -2.7 3.3 7.7 -1 0 3.5 
2003 10 18 -0.5 2.7 7.2 -1 0 3.5 
2003 10 19 0.5 2.7 4.4 -1 0 3.5 
2003 10 20 2.2 3.3 6.1 -1 0 3.5 
2003 10 21 0.0 2.2 6.1 -1 0 4.0 
2003 10 22 -2.2 1.1 5.5 -1 0 3.1 
2003 10 23 -2.2 1.1 5.5 -1 0 3.1 
2003 10 24 -2.2 3.8 6.1 -1 3 3.5 
2003 10 25 1.6 3.3 5.0 -1 3 4.0 
2003 10 26 1.6 3.8 8.3 -1 13 3.1 
2003 10 27 0.5 3.8 8.3 -1 0 3.5 
2003 10 28 -1.6 1.6 6.1 -1 0 3.5 
2003 10 29 -5.5 -0.5 3.8 -1 0 2.6 
2003 10 30 -5.5 0.5 3.3 -1 0 3.1 
2003 10 31 -1.6 2.2 3.8 -1 0 2.6 
2003 11 1 -0.5 1.6 3.3 -1 0 3.1 
2003 11 2 1.6 2.2 2.7 -1 3 2.2 
2003 11 3 1.1 3.3 4.4 -1 0 4.0 
2003 11 4 0.5 2.2 4.4 -1 0 2.6 
2003 11 5 1.6 2.7 3.8 -1 0 1.7 
2003 11 6 1.6 3.8 8.3 -1 0 8.4 
2003 11 7 2.2 6.1 8.3 -1 3 8.0 
2003 11 8 5.0 6.1 7.7 -1 5 9.8 
2003 11 9 1.6 3.8 7.7 -1 5 6.7 
2003 11 10 -1.1 2.2 5.5 -1 3 6.7 
2003 11 11 -4.4 -2.2 3.8 -1 0 4.0 
2003 11 12 -4.4 -2.2 0.0 -1 0 6.7 
2003 11 13 -7.2 -5.5 0.0 -1 0 4.9 
2003 11 14 -12.2 -10.0 -3.8 -1 0 4.0 
2003 11 15 -15.0 -12.2 -8.8 -1 0 6.7 
2003 11 16 -20.5 -15.0 -10.0 -1 0 4.0 
2003 11 17 -21.6 -15.5 -9.4 -1 0 8.0 
2003 11 18 -21.6 -12.2 -9.4 -1 0 8.0 
2003 11 19 -16.6 -14.4 -11.6 -1 0 3.5 
2003 11 20 -16.6 -11.1 -8.8 -1 5 3.1 
2003 11 21 -12.7 -5.5 -2.7 -1 0 3.1 
2003 11 22 -7.2 -1.6 3.3 -1 13 6.7 
2003 11 23 -14.4 -7.7 0.5 -1 0 6.7 
2003 11 24 -13.8 -7.7 -5.5 -1 5 4.0 
2003 11 25 -10.5 -7.2 -5.5 -1 0 6.2 
2003 11 26 -14.4 -11.6 -5.5 -1 0 9.3 
2003 11 27 -21.6 -14.4 -10.0 -1 0 9.3 
2003 11 28 -20.0 -13.3 -10.0 -1 0 6.2 
2003 11 29 -17.2 -12.7 -7.2 -1 0 3.5 
2003 11 30 -17.7 -11.6 -6.6 -1 0 5.8 
2003 12 1 -15.0 -10.0 -3.8 -1 0 6.2 
2003 12 2 -25.5 -1.0 -14.4 -1 0 6.7 
2003 12 3 -25.0 -16.1 -9.4 -1 0 7.1 
2003 12 4 -10.0 -6.6 -2.7 -1 0 6.7 
2003 12 5 -12.7 -6.6 -2.2 -1 0 5.3 
2003 12 6 -17.7 -12.7 -6.1 -1 0 2.2 
2003 12 7 -17.7 -9.4 -7.7 -1 0 2.6 
2003 12 8 -11.1 -6.1 -3.3 -1 -1 3.1 
2003 12 9 -8.3 -2.7 0.5 -1 0 3.5 
2003 12 10 -6.6 1.1 3.3 -1 8 6.7 
2003 12 11 -3.8 -1.6 2.7 -1 5 1.7 
2003 12 12 -6.1 -3.3 -1.1 -1 0 1.7 
2003 12 13 -6.1 -4.4 -1.6 -1 3 1.7 
2003 12 14 -7.2 -6.1 -3.3 -1 3 1.7 
2003 12 15 -7.2 -4.4 -1.1 -1 0 3.5 
2003 12 16 -10.0 -6.1 -1.1 -1 0 3.5 
2003 12 17 -10.0 -6.6 -3.3 -1 3 3.5 
2003 12 18 -8.8 -4.4 -2.7 -1 3 3.5 
2003 12 19 -12.2 -8.3 -2.7 -1 8 4.0 
2003 12 20 -10.0 -6.6 -2.7 -1 8 4.0 
2003 12 21 -7.7 -6.6 -3.8 -1 10 7.1 
2003 12 22 -6.1 -3.8 -2.7 -1 5 8.0 
2003 12 23 -10.0 -7.7 -2.7 -1 8 3.5 
2003 12 24 -16.6 -12.7 -6.6 -1 0 4.0 
2003 12 25 -17.2 -13.8 -12.2 -1 -1 3.5 
2003 12 26 -20.5 -16.1 -11.6 -1 0 3.5 
2003 12 27 -20.5 -17.2 -14.4 -1 0 2.2 
2003 12 28 -21.6 -15.0 -10.5 -1 -1 2.6 
2003 12 29 -10.5 -6.1 -2.7 -1 0 5.8 
2003 12 30 -3.3 -2.2 1.1 -1 0 2.6 
2003 12 31 -5.0 -2.7 0.5 -1 3 6.2 
